[MAPA]
DIMENSIONES = 18 20
0 0 0 0 0 0 0 0 0 0 0 0 0 0 0 0 0 0 0 0 
0 1 1 1 1 1 5 5 5 5 5 5 1 1 1 1 1 1 1 0  
0 1 1 1 1 1 1 1 1 1 1 1 1 1 1 1 1 1 1 0 
0 1 0 0 1 1 0 0 1 1 0 0 1 1 0 0 1 1 1 0 
0 1 0 0 1 1 0 0 1 1 0 0 1 1 0 0 1 1 1 0 
0 1 0 0 15 1 0 0 1 1 0 0 1 1 0 0 1 1 1 0  
0 1 0 0 1 1 0 0 1 1 0 0 1 1 0 0 1 1 1 0 
0 1 0 0 1 1 0 0 1 1 0 0 1 1 0 0 1 1 1 0 
0 1 5 5 5 5 5 5 1 1 5 5 5 5 5 5 5 1 1 0  
0 1 5 5 5 5 5 5 1 1 5 5 5 5 5 5 5 1 1 0 
0 1 0 0 1 1 0 0 1 1 0 0 1 1 0 0 1 1 1 0 
0 1 0 0 1 1 0 0 1 1 0 0 1 1 0 0 1 1 1 0 
0 1 0 0 1 1 0 0 1 1 0 0 1 1 0 0 1 1 1 0 
0 1 0 0 15 1 0 0 1 1 0 0 1 1 0 0 1 1 1 0  
0 1 0 0 1 1 0 0 1 1 0 0 1 1 0 0 1 1 1 0 
0 1 1 1 1 1 1 1 1 1 1 1 1 1 1 1 1 1 1 0 
0 1 20 20 20 20 20 20 20 20 20 20 20 20 20 20 20 20 1 0  
0 0 0 0 0 0 0 0 0 0 0 0 0 0 0 0 0 0 0 0
